nome=Firenze::Lippi
lat=+43.8048075
lon=+11.2321748
k1=1.0
q1=0.0
k2=1.0
q2=0.0
sensore=SDS011
user=salvatore
id=1
host=salvatorehost.no-ip.org,InfluxDB
host=92.223.147.77/nodered,CrateDB
